The PostScript backend does not support transparency; partially transparent artists will be rendered opaque.
The PostScript backend does not support transparency; partially transparent artists will be rendered opaque.
The PostScript backend does not support transparency; partially transparent artists will be rendered opaque.
The PostScript backend does not support transparency; partially transparent artists will be rendered opaque.
>>> LE SCRIPT A BIEN ÉTÉ LANCÉ
Checking ROI left_sensorimotor...



 For ROI: left_sensorimotor, 
 psd_pre: [6.96046976e-10 6.96407993e-10 6.86767699e-10 3.83369354e-10
 1.75246936e-10 1.07477259e-10 7.39702736e-11 5.62530191e-11
 4.47809368e-11 3.59954569e-11 3.22231986e-11 2.75960038e-11
 2.23319353e-11 2.21084483e-11 1.89813678e-11 1.41743638e-11
 1.42092126e-11 1.33255286e-11 1.00093365e-11 9.54080457e-12
 8.90789596e-12 6.89569850e-12 6.79929449e-12 6.99050478e-12
 5.51704903e-12 5.14476714e-12 5.32169366e-12 4.45793589e-12
 3.93670965e-12 3.82294488e-12 3.50753997e-12 3.11840526e-12
 2.89511986e-12 2.85758568e-12 2.54150637e-12 2.42734048e-12
 2.50282100e-12 2.19917920e-12 1.87398338e-12 2.06018235e-12
 1.97907535e-12 1.58437105e-12 1.58116439e-12 1.53871517e-12
 1.34064069e-12 1.38304584e-12 1.22560400e-12 9.46546706e-13
 9.62187102e-13 1.04990900e-12 8.76616765e-13 8.15450030e-13
 8.01382130e-13 7.53619238e-13 7.73627491e-13 7.76526193e-13
 6.60098253e-13 6.03734252e-13 6.56426109e-13 7.00234194e-13
 5.54145040e-13 4.98269140e-13 5.27914789e-13 5.64419745e-13
 5.26060942e-13 4.86648144e-13 3.89789274e-13 3.72993347e-13
 4.19180916e-13 4.10284995e-13 3.43106992e-13 3.32541051e-13
 3.94153469e-13 4.01068507e-13 3.64506737e-13 3.08572070e-13
 2.90577634e-13 2.94035882e-13 3.04594707e-13 2.46807132e-13
 2.29535762e-13 2.40853162e-13 2.38129726e-13 2.03740645e-13
 2.07340460e-13 1.98087087e-13 1.75162021e-13 1.74455079e-13
 1.85053217e-13 1.55401301e-13 1.39320837e-13 1.53972032e-13
 1.73605673e-13 1.65304199e-13 1.60424426e-13 1.53132892e-13
 1.52317785e-13 1.53741559e-13] 


 ROI left_sensorimotor : PSD min = 1.3932083739888523e-13, PSD max = 6.964079930806929e-10, PSD mean=3.323359676130289e-11



 For ROI: left_sensorimotor, 
 psd_pre_norm: [9.99481353e-01 1.00000000e+00 9.86150504e-01 5.50280594e-01
 2.51286544e-01 1.53926874e-01 1.05789871e-01 8.03368053e-02
 6.38557151e-02 5.12342675e-02 4.58149436e-02 3.91673958e-02
 3.16048988e-02 3.12838316e-02 2.67913868e-02 1.98855206e-02
 1.99355853e-02 1.86660619e-02 1.39019347e-02 1.32288296e-02
 1.23195767e-02 9.42880176e-03 9.29030527e-03 9.56500292e-03
 7.44819827e-03 6.91336848e-03 7.16754570e-03 5.92664894e-03
 5.17784183e-03 5.01440443e-03 4.56128558e-03 4.00224458e-03
 3.68146701e-03 3.62754443e-03 3.17345672e-03 3.00944305e-03
 3.11788032e-03 2.68166064e-03 2.21447593e-03 2.48197417e-03
 2.36545376e-03 1.79841136e-03 1.79380459e-03 1.73282094e-03
 1.44826202e-03 1.50918235e-03 1.28299733e-03 8.82096408e-04
 9.04565805e-04 1.03058935e-03 7.81633245e-04 6.93759531e-04
 6.73549222e-04 6.04931817e-04 6.33676190e-04 6.37840540e-04
 4.70577150e-04 3.89603168e-04 4.65301653e-04 5.28237481e-04
 3.18362023e-04 2.38089261e-04 2.80678966e-04 3.33122931e-04
 2.78015681e-04 2.21394236e-04 8.22442779e-05 5.81148151e-05
 1.24469072e-04 1.11688962e-04 1.51793046e-05 1.00000000e-14
 8.85139946e-05 9.84483161e-05 4.59227313e-05 1.00000000e-14
 1.00000000e-14 1.00000000e-14 1.00000000e-14 1.00000000e-14
 1.00000000e-14 1.00000000e-14 1.00000000e-14 1.00000000e-14
 1.00000000e-14 1.00000000e-14 1.00000000e-14 1.00000000e-14
 1.00000000e-14 1.00000000e-14 1.00000000e-14 1.00000000e-14
 1.00000000e-14 1.00000000e-14 1.00000000e-14 1.00000000e-14
 1.00000000e-14 1.00000000e-14] 

Checking ROI right_sensorimotor...



 For ROI: right_sensorimotor, 
 psd_pre: [7.13029021e-10 7.14511612e-10 7.02991654e-10 3.78757514e-10
 1.68159970e-10 1.05449038e-10 7.36165736e-11 5.75421468e-11
 4.66665036e-11 3.68346064e-11 3.29425983e-11 2.76244200e-11
 2.22768943e-11 2.21918407e-11 1.87092382e-11 1.39335617e-11
 1.37406230e-11 1.32051493e-11 9.86713914e-12 9.26881052e-12
 8.74555652e-12 6.79832973e-12 6.70019274e-12 6.82606410e-12
 5.42996778e-12 5.03542847e-12 5.23444501e-12 4.45919077e-12
 3.95830089e-12 3.81489098e-12 3.44820881e-12 3.07969640e-12
 2.90879994e-12 2.80912565e-12 2.52604638e-12 2.35796514e-12
 2.47622900e-12 2.22532475e-12 1.94618160e-12 2.10491444e-12
 2.00685167e-12 1.63306993e-12 1.67724664e-12 1.57941453e-12
 1.33792818e-12 1.36238343e-12 1.22689937e-12 9.24611853e-13
 9.66322359e-13 1.05758359e-12 9.00375128e-13 8.23779402e-13
 8.27444186e-13 7.95847969e-13 7.88812007e-13 7.80993921e-13
 6.34031365e-13 5.62666909e-13 6.21969442e-13 6.32915440e-13
 4.79396034e-13 4.23438194e-13 4.38355635e-13 4.77988759e-13
 4.57204474e-13 4.18679483e-13 3.51543232e-13 3.45760328e-13
 4.08755754e-13 3.92744441e-13 3.26114661e-13 3.21733030e-13
 4.19870844e-13 4.21437149e-13 3.87498961e-13 3.41877240e-13
 3.27338491e-13 3.18357215e-13 3.30856316e-13 2.56951854e-13
 2.21898283e-13 2.57194137e-13 2.73932630e-13 2.41860806e-13
 2.46694974e-13 2.59428778e-13 2.50414760e-13 2.42784183e-13
 2.22035522e-13 1.76365898e-13 1.60334106e-13 1.83342194e-13
 1.64866459e-13 1.40323110e-13 1.46028307e-13 1.47193247e-13
 1.50628400e-13 1.49059145e-13] 


 ROI right_sensorimotor : PSD min = 1.4032310953794118e-13, PSD max = 7.145116115627697e-10, PSD mean=3.363903272134876e-11



 For ROI: right_sensorimotor, 
 psd_pre_norm: [9.97924094e-01 1.00000000e+00 9.83869895e-01 5.29881187e-01
 2.35005062e-01 1.47197977e-01 1.02626546e-01 8.01193290e-02
 6.48913853e-02 5.11248822e-02 4.56753396e-02 3.82288910e-02
 3.07413504e-02 3.06222593e-02 2.57459615e-02 1.90591174e-02
 1.87889669e-02 1.80392032e-02 1.33653618e-02 1.25275893e-02
 1.17949354e-02 9.06845209e-03 8.93104187e-03 9.10728542e-03
 7.15248830e-03 6.60005914e-03 6.87871969e-03 5.79321811e-03
 5.09187818e-03 4.89107736e-03 4.37765345e-03 3.86166684e-03
 3.62237969e-03 3.48281696e-03 3.08645280e-03 2.85110749e-03
 3.01669910e-03 2.66538602e-03 2.27453317e-03 2.49678897e-03
 2.35948267e-03 1.83611801e-03 1.89797371e-03 1.76099037e-03
 1.42286412e-03 1.45710606e-03 1.26740293e-03 8.44143611e-04
 9.02546155e-04 1.03032902e-03 8.10207642e-04 7.02959237e-04
 7.08090623e-04 6.63849984e-04 6.53998314e-04 6.43051526e-04
 4.37276339e-04 3.37352693e-04 4.20387380e-04 4.35713834e-04
 2.20757825e-04 1.42406336e-04 1.63293556e-04 2.18787375e-04
 1.89685471e-04 1.35743246e-04 4.17398827e-05 3.36427307e-05
 1.21848162e-04 9.94293157e-05 6.13510662e-06 1.00000000e-14
 1.37411376e-04 1.39604497e-04 9.20846580e-05 2.82056782e-05
 7.84869815e-06 1.00000000e-14 1.27743144e-05 1.00000000e-14
 1.00000000e-14 1.00000000e-14 1.00000000e-14 1.00000000e-14
 1.00000000e-14 1.00000000e-14 1.00000000e-14 1.00000000e-14
 1.00000000e-14 1.00000000e-14 1.00000000e-14 1.00000000e-14
 1.00000000e-14 1.00000000e-14 1.00000000e-14 1.00000000e-14
 1.00000000e-14 1.00000000e-14] 

Checking ROI midline_premotor...
The PostScript backend does not support transparency; partially transparent artists will be rendered opaque.



 For ROI: midline_premotor, 
 psd_pre: [7.03086360e-10 7.03019741e-10 6.95202709e-10 3.82821651e-10
 1.65585160e-10 1.03848912e-10 7.37370859e-11 5.69042847e-11
 4.54571326e-11 3.60204913e-11 3.19288127e-11 2.73431306e-11
 2.22670175e-11 2.20185631e-11 1.88174198e-11 1.39922711e-11
 1.38661166e-11 1.33588562e-11 9.88958806e-12 9.46431076e-12
 8.86001944e-12 6.87939553e-12 6.82851940e-12 6.98723872e-12
 5.60033454e-12 5.16202923e-12 5.31804315e-12 4.47679983e-12
 3.96516058e-12 3.86493460e-12 3.51283170e-12 3.12255568e-12
 2.90172218e-12 2.77674973e-12 2.53439399e-12 2.38286022e-12
 2.46250502e-12 2.20080767e-12 1.85815600e-12 2.03738168e-12
 1.97742628e-12 1.58719469e-12 1.59101233e-12 1.51180222e-12
 1.29939215e-12 1.34297262e-12 1.21278164e-12 9.25609491e-13
 9.67876063e-13 1.05865716e-12 9.09571259e-13 8.31682702e-13
 8.24348833e-13 7.84403793e-13 7.85952674e-13 7.66351367e-13
 6.49964937e-13 5.75765883e-13 6.21973024e-13 6.57338927e-13
 5.15925247e-13 4.49789643e-13 4.71416120e-13 5.04315212e-13
 4.87725847e-13 4.66621236e-13 3.79986281e-13 3.69524772e-13
 4.25513512e-13 4.20283267e-13 3.46808472e-13 3.30801437e-13
 3.95765902e-13 3.90359292e-13 3.47610778e-13 3.05698168e-13
 2.81983259e-13 2.76788615e-13 2.93446707e-13 2.37860127e-13
 2.11056972e-13 2.30130058e-13 2.39323453e-13 2.12318842e-13
 2.14835247e-13 2.13137542e-13 1.96044830e-13 1.93922700e-13
 1.89771921e-13 1.56773717e-13 1.45017414e-13 1.62792885e-13
 1.63316505e-13 1.45506973e-13 1.45594758e-13 1.51132763e-13
 1.47649312e-13 1.45540416e-13] 


 ROI midline_premotor : PSD min = 1.450174140115656e-13, PSD max = 7.030863602105693e-10, PSD mean=3.330822674197717e-11



 For ROI: midline_premotor, 
 psd_pre_norm: [1.00000000e+00 9.99905202e-01 9.88781801e-01 5.44272962e-01
 2.35151977e-01 1.47303155e-01 1.04454933e-01 8.05023632e-02
 6.42134104e-02 5.07853541e-02 4.49630186e-02 3.84377310e-02
 3.12145749e-02 3.08610319e-02 2.63059013e-02 1.94398600e-02
 1.92603460e-02 1.85385296e-02 1.36018656e-02 1.29967088e-02
 1.21368204e-02 9.31845221e-03 9.24605702e-03 9.47190983e-03
 7.49838694e-03 6.87469167e-03 7.09669479e-03 5.89963088e-03
 5.17158363e-03 5.02896508e-03 4.52793325e-03 3.97258223e-03
 3.65834280e-03 3.48051077e-03 3.13564585e-03 2.92001786e-03
 3.03335001e-03 2.66096256e-03 2.17337955e-03 2.42841229e-03
 2.34309756e-03 1.78780978e-03 1.79324215e-03 1.68052855e-03
 1.37827542e-03 1.44028912e-03 1.25503127e-03 8.46393951e-04
 9.06538010e-04 1.03571678e-03 8.23572030e-04 7.12738958e-04
 7.02303084e-04 6.45462495e-04 6.47666506e-04 6.19774435e-04
 4.54160049e-04 3.48577030e-04 4.14328401e-04 4.64653015e-04
 2.63425607e-04 1.69316633e-04 2.00090460e-04 2.46904876e-04
 2.23298710e-04 1.93267484e-04 6.99885521e-05 5.51021398e-05
 1.34772430e-04 1.27329949e-04 2.27775285e-05 1.00000000e-14
 9.24424776e-05 8.47490341e-05 2.39191850e-05 1.00000000e-14
 1.00000000e-14 1.00000000e-14 1.00000000e-14 1.00000000e-14
 1.00000000e-14 1.00000000e-14 1.00000000e-14 1.00000000e-14
 1.00000000e-14 1.00000000e-14 1.00000000e-14 1.00000000e-14
 1.00000000e-14 1.00000000e-14 1.00000000e-14 1.00000000e-14
 1.00000000e-14 1.00000000e-14 1.00000000e-14 1.00000000e-14
 1.00000000e-14 1.00000000e-14] 

Checking ROI midline_prefrontal...



 For ROI: midline_prefrontal, 
 psd_pre: [1.01795158e-09 1.01417341e-09 1.05499513e-09 5.11358480e-10
 1.74570914e-10 1.34499534e-10 9.73274260e-11 5.74858603e-11
 5.30331169e-11 5.15898250e-11 3.30787918e-11 3.01948364e-11
 2.75126373e-11 1.93280774e-11 1.85284153e-11 2.09514406e-11
 1.72132103e-11 1.43986198e-11 1.42626803e-11 1.19455190e-11
 9.77627718e-12 9.99463474e-12 8.32341337e-12 6.52896266e-12
 6.95758294e-12 6.70628936e-12 4.68436237e-12 4.47115599e-12
 4.54877397e-12 3.79976432e-12 3.62326843e-12 3.65997397e-12
 3.01830989e-12 2.69924700e-12 2.91860919e-12 2.58523579e-12
 2.19751013e-12 2.42650883e-12 2.40964901e-12 2.00603875e-12
 1.97802782e-12 2.10541680e-12 1.82934404e-12 1.70900641e-12
 1.71339707e-12 1.47328901e-12 1.38857433e-12 1.66227167e-12
 1.47723650e-12 1.10297804e-12 1.16271485e-12 1.32365420e-12
 1.15907454e-12 1.08243295e-12 1.01647533e-12 9.08331455e-13
 9.28331171e-13 1.01873094e-12 7.70696740e-13 6.49035030e-13
 8.02795369e-13 9.20775672e-13 7.49801092e-13 7.16045121e-13
 5.94284520e-13 5.85228311e-13 6.20672137e-13 6.05887145e-13
 4.16804173e-13 3.91108353e-13 4.40989092e-13 4.23644808e-13
 3.73706361e-13 3.65687404e-13 3.78827305e-13 3.81508761e-13
 4.07905358e-13 3.50969739e-13 2.76970967e-13 2.83425519e-13
 3.36692902e-13 2.97565248e-13 2.54826418e-13 2.47320187e-13
 2.39385765e-13 2.21164172e-13 2.16172941e-13 1.79278723e-13
 1.72273442e-13 2.02789602e-13 1.90942274e-13 1.66496390e-13
 1.88319835e-13 2.44509269e-13 2.05836626e-13 1.87531713e-13
 2.06918705e-13 2.37869813e-13] 


 ROI midline_prefrontal : PSD min = 1.6649639035871889e-13, PSD max = 1.0549951253247657e-09, PSD mean=4.6002826676875994e-11



 For ROI: midline_prefrontal, 
 psd_pre_norm: [9.64875028e-01 9.61292540e-01 1.00000000e+00 4.84519625e-01
 1.65175108e-01 1.27179123e-01 9.19322497e-02 5.41541760e-02
 4.99320510e-02 4.85635108e-02 3.10112092e-02 2.82766209e-02
 2.57333394e-02 1.79726779e-02 1.72144322e-02 1.95119631e-02
 1.59673449e-02 1.32985289e-02 1.31696301e-02 1.09724802e-02
 8.91558871e-03 9.12263701e-03 7.53797227e-03 5.83646054e-03
 6.24288153e-03 6.00460306e-03 4.08739661e-03 3.88523271e-03
 3.95883066e-03 3.24861405e-03 3.08125932e-03 3.11606379e-03
 2.50763306e-03 2.20509521e-03 2.41309610e-03 2.09698892e-03
 1.72934452e-03 1.94648282e-03 1.93049621e-03 1.54778991e-03
 1.52122973e-03 1.64202093e-03 1.38024665e-03 1.26614160e-03
 1.27030485e-03 1.04263258e-03 9.62305482e-04 1.22182736e-03
 1.04637562e-03 6.91500920e-04 7.48143811e-04 9.00747724e-04
 7.44692044e-04 6.72019910e-04 6.09478395e-04 5.06935555e-04
 5.25899437e-04 6.11617182e-04 3.76429278e-04 2.61068725e-04
 4.06865440e-04 5.18735255e-04 3.56615867e-04 3.24608200e-04
 2.09153878e-04 2.00566712e-04 2.34174815e-04 2.20155574e-04
 4.08656707e-05 1.65007009e-05 6.37979942e-05 4.73520128e-05
 1.00000000e-14 1.00000000e-14 4.85571812e-06 7.39829465e-06
 3.24277472e-05 1.00000000e-14 1.00000000e-14 1.00000000e-14
 1.00000000e-14 1.00000000e-14 1.00000000e-14 1.00000000e-14
 1.00000000e-14 1.00000000e-14 1.00000000e-14 1.00000000e-14
 1.00000000e-14 1.00000000e-14 1.00000000e-14 1.00000000e-14
 1.00000000e-14 1.00000000e-14 1.00000000e-14 1.00000000e-14
 1.00000000e-14 1.00000000e-14] 

Checking ROI midline_posterior...



 For ROI: midline_posterior, 
 psd_pre: [6.91756872e-10 6.92560492e-10 6.79313886e-10 3.65920641e-10
 1.70639551e-10 1.06919446e-10 7.33764474e-11 5.60923936e-11
 4.45641240e-11 3.61743915e-11 3.23672544e-11 2.73220812e-11
 2.20695858e-11 2.19813099e-11 1.86914111e-11 1.37471999e-11
 1.37797897e-11 1.31910883e-11 1.01204072e-11 9.52640487e-12
 8.89276915e-12 6.85572272e-12 6.84346099e-12 6.90807949e-12
 5.44625565e-12 4.91329506e-12 5.08544495e-12 4.44364786e-12
 3.87507860e-12 3.77412853e-12 3.39195632e-12 3.09104725e-12
 2.93696071e-12 2.84926199e-12 2.62949066e-12 2.46290716e-12
 2.55950268e-12 2.26392166e-12 1.94029314e-12 2.13907376e-12
 2.04968551e-12 1.62535953e-12 1.63952194e-12 1.50943036e-12
 1.31636513e-12 1.36885358e-12 1.22888700e-12 9.31361885e-13
 9.53644125e-13 1.02826495e-12 9.06752152e-13 8.28880345e-13
 8.12901043e-13 7.79829441e-13 7.79648419e-13 7.63473090e-13
 6.62828612e-13 5.94874797e-13 6.32677544e-13 6.58859043e-13
 5.15646286e-13 4.42666938e-13 4.76355275e-13 5.10697113e-13
 5.03343458e-13 4.80979491e-13 3.98259405e-13 3.85034465e-13
 4.36158293e-13 4.19755718e-13 3.32575481e-13 3.21881858e-13
 3.70193409e-13 3.65877879e-13 3.36199969e-13 3.03774638e-13
 2.75535265e-13 2.79846419e-13 2.98531004e-13 2.55541202e-13
 2.22184469e-13 2.34484563e-13 2.41835127e-13 2.20717150e-13
 2.32327374e-13 2.24713105e-13 1.97413539e-13 2.05103659e-13
 2.05650990e-13 1.62701087e-13 1.51837885e-13 1.77051874e-13
 1.67488979e-13 1.40759786e-13 1.45989228e-13 1.67474483e-13
 1.52025066e-13 1.41561068e-13] 


 ROI midline_posterior : PSD min = 1.407597862801069e-13, PSD max = 6.925604922847362e-10, PSD mean=3.2812136187032903e-11



 For ROI: midline_posterior, 
 psd_pre_norm: [9.98839100e-01 1.00000000e+00 9.80864103e-01 5.28139797e-01
 2.46038962e-01 1.53989625e-01 1.05533792e-01 8.05654451e-02
 6.39118384e-02 5.17921265e-02 4.62923797e-02 3.90041800e-02
 3.14164850e-02 3.12889627e-02 2.65364124e-02 1.93940614e-02
 1.94411402e-02 1.85907088e-02 1.41548379e-02 1.32967489e-02
 1.23814060e-02 9.43871198e-03 9.42099882e-03 9.51434597e-03
 7.40261192e-03 6.63270314e-03 6.88138890e-03 5.95425615e-03
 5.13290748e-03 4.98707617e-03 4.43499454e-03 4.00030474e-03
 3.77771308e-03 3.65102451e-03 3.33354536e-03 3.09290072e-03
 3.23244151e-03 2.80544854e-03 2.33793847e-03 2.62509469e-03
 2.49596545e-03 1.88298898e-03 1.90344783e-03 1.71551902e-03
 1.43661919e-03 1.51244341e-03 1.31024929e-03 8.80447895e-04
 9.12636564e-04 1.02043296e-03 8.44896955e-04 7.32404231e-04
 7.09320714e-04 6.61545855e-04 6.61284352e-04 6.37917657e-04
 4.92527792e-04 3.94362486e-04 4.48971902e-04 4.86793398e-04
 2.79909882e-04 1.74484749e-04 2.23150536e-04 2.72760363e-04
 2.62137358e-04 2.29830627e-04 1.10334134e-04 9.12295363e-05
 1.65082434e-04 1.41387462e-04 1.54478860e-05 1.00000000e-14
 6.97903153e-05 6.35561507e-05 2.06837807e-05 1.00000000e-14
 1.00000000e-14 1.00000000e-14 1.00000000e-14 1.00000000e-14
 1.00000000e-14 1.00000000e-14 1.00000000e-14 1.00000000e-14
 1.00000000e-14 1.00000000e-14 1.00000000e-14 1.00000000e-14
 1.00000000e-14 1.00000000e-14 1.00000000e-14 1.00000000e-14
 1.00000000e-14 1.00000000e-14 1.00000000e-14 1.00000000e-14
 1.00000000e-14 1.00000000e-14] 

